﻿"Numer rachunku/karty","Data transakcji","Data rozliczenia","Rodzaj transakcji","Na konto/Z konta","Odbiorca/Zleceniodawca","Opis","Obciążenia","Uznania","Saldo","Waluta"
"PL59 1160 2202 0000 0003 5357 1338","2021-11-23","2021-11-23","ZAKUP - FIZ. UŻYCIE KARTY","","","SKLEP SPAR                Krakow  Krakow POL 2021-11-21","-2.95","","3283.70","PLN"
"PL59 1160 2202 0000 0003 5357 1338","2021-11-23","2021-11-23","ZAKUP - FIZ. UŻYCIE KARTY","","","ZABKA Z0468 K.2           KRAKOW  KRAKOW POL 2021-11-21","-27.39","","3286.65","PLN"
"PL59 1160 2202 0000 0003 5357 1338","2021-11-23","2021-11-23","ZAKUP - BEZ FIZ. UŻYCIA KARTY","","","BOLT.EU /R/2111220013     Tallinn  Tallinn ES T 2021-11-22","-2.43","","3314.04","PLN"
"PL59 1160 2202 0000 0003 5357 1338","2021-11-23","2021-11-23","ZAKUP - FIZ. UŻYCIE KARTY","","","PIZZATOPIA                KRAKOW  KRAKOW POL 2021-11-21","-29.00","","3316.47","PLN"
"PL59 1160 2202 0000 0003 5357 1338","2021-11-23","2021-11-23","ZAKUP - BEZ FIZ. UŻYCIA KARTY","","","BOLT.EU /R/2111211355     Tallinn  Tallinn ES T 2021-11-21","-2.73","","3345.47","PLN"
"PL59 1160 2202 0000 0003 5357 1338","2021-11-22","2021-11-22","ZAKUP - FIZ. UŻYCIE KARTY","","","JMP S.A. BIEDRONKA 3647   KRAKOW  KRAKOW POL 2021-11-20","-37.04","","3348.20","PLN"
"PL59 1160 2202 0000 0003 5357 1338","2021-11-22","2021-11-22","ZAKUP - FIZ. UŻYCIE KARTY","","","ZABKA Z0468 K.2           KRAKOW  KRAKOW POL 2021-11-20","-22.69","","3385.24","PLN"
"PL59 1160 2202 0000 0003 5357 1338","2021-11-22","2021-11-22","ZAKUP - FIZ. UŻYCIE KARTY","","","ZABKA Z7961 K.1           KRAKOW  KRAKOW POL 2021-11-20","-5.50","","3407.93","PLN"
"PL59 1160 2202 0000 0003 5357 1338","2021-11-22","2021-11-22","ZAKUP - FIZ. UŻYCIE KARTY","","","AWITEKS SPOLKA Z O.O.SP.K KRAKOW  KRAKOW POL 2021-11-20","-4.99","","3413.43","PLN"
"PL59 1160 2202 0000 0003 5357 1338","2021-11-22","2021-11-22","PRZELEW NA TELEFON","12 10 2024 9800 0086 0206 0434 02","DANIEL KLATA","whisky Od: 48889508409 Do: 485*****044","","26.00","3418.42","PLN"
"PL59 1160 2202 0000 0003 5357 1338","2021-11-22","2021-11-22","ZAKUP BILETU MIEJSKIEGO","66 11 6022 0200 0000 0313 9382 73","MOBILE-TRAFFIC-DATA SP. Z O.O. UL DRUŻBICKIEGO 11 61-693    POZNAŃ","Kraków  Numer biletu:147312276  20 min. U I+II+III Aglomeracja","-2.00","","3392.42","PLN"
"PL59 1160 2202 0000 0003 5357 1338","2021-11-22","2021-11-22","ZAKUP - FIZ. UŻYCIE KARTY","","","MADOMARKET 24H            KRAKOW  KRAKOW POL 2021-11-18","-20.94","","3394.42","PLN"
"PL59 1160 2202 0000 0003 5357 1338","2021-11-22","2021-11-22","ZAKUP - FIZ. UŻYCIE KARTY","","","ZABKA Z0468 K.2           KRAKOW  KRAKOW POL 2021-11-19","-87.38","","3415.36","PLN"
"PL59 1160 2202 0000 0003 5357 1338","2021-11-22","2021-11-22","ZAKUP - FIZ. UŻYCIE KARTY","","","Kawiory 8 Cafe            Krakow  Krakow POL 2021-11-19","-27.00","","3502.74","PLN"
"PL59 1160 2202 0000 0003 5357 1338","2021-11-20","2021-11-20","ZAKUP - FIZ. UŻYCIE KARTY","","","MADOMARKET 24H            KRAKOW  KRAKOW POL 2021-11-17","-17.45","","3529.74","PLN"
"PL59 1160 2202 0000 0003 5357 1338","2021-11-20","2021-11-20","ZAKUP - FIZ. UŻYCIE KARTY","","","ZABKA Z6457 K.1           KRAKOW  KRAKOW POL 2021-11-18","-7.99","","3547.19","PLN"
"PL59 1160 2202 0000 0003 5357 1338","2021-11-20","2021-11-20","ZAKUP - FIZ. UŻYCIE KARTY","","","Zapiekanki Krakoskie      Krakow  Krakow POL 2021-11-18","-15.40","","3555.18","PLN"
"PL59 1160 2202 0000 0003 5357 1338","2021-11-20","2021-11-20","ZAKUP - FIZ. UŻYCIE KARTY","","","Patric-Cars Patry55110    Krakow  Krakow POL 2021-11-18","-60.00","","3570.58","PLN"
"PL59 1160 2202 0000 0003 5357 1338","2021-11-20","2021-11-20","ZAKUP - BEZ FIZ. UŻYCIA KARTY","","","BOLT.EU /O/2111181359     Tallinn  Tallinn ES T 2021-11-18","-9.94","","3630.58","PLN"
"PL59 1160 2202 0000 0003 5357 1338","2021-11-20","2021-11-20","ZAKUP - FIZ. UŻYCIE KARTY","","","ZABKA Z0468 K.2           KRAKOW  KRAKOW POL 2021-11-18","-9.99","","3640.52","PLN"
"PL59 1160 2202 0000 0003 5357 1338","2021-11-20","2021-11-20","ZAKUP - FIZ. UŻYCIE KARTY","","","ZABKA Z0468 K.2           KRAKOW  KRAKOW POL 2021-11-18","-12.98","","3650.51","PLN"
"PL59 1160 2202 0000 0003 5357 1338","2021-11-19","2021-11-19","PRZELEW NA TELEFON","39 10 9011 8600 0000 0121 3139 36","Kewin","Przelew BLIK na telefon","-9.00","","3663.49","PLN"
"PL59 1160 2202 0000 0003 5357 1338","2021-11-19","2021-11-19","ZAKUP BILETU MIEJSKIEGO","66 11 6022 0200 0000 0313 9382 73","MOBILE-TRAFFIC-DATA SP. Z O.O. UL DRUŻBICKIEGO 11 61-693    POZNAŃ","Kraków  Numer biletu:147150580  20 min. U I+II+III Aglomeracja","-2.00","","3672.49","PLN"
"PL59 1160 2202 0000 0003 5357 1338","2021-11-19","2021-11-19","ZAKUP - FIZ. UŻYCIE KARTY","","","ZABKA Z7961 K.1           KRAKOW  KRAKOW POL 2021-11-17","-14.40","","3674.49","PLN"
"PL59 1160 2202 0000 0003 5357 1338","2021-11-19","2021-11-19","ZAKUP - FIZ. UŻYCIE KARTY","","","ZABKA Z7961 K.1           KRAKOW  KRAKOW POL 2021-11-17","-18.19","","3688.89","PLN"
"PL59 1160 2202 0000 0003 5357 1338","2021-11-19","2021-11-19","ZAKUP - FIZ. UŻYCIE KARTY","","","AWITEKS SPOLKA Z O.O.SP.K KRAKOW (KRAKO  KRAK OW (KRAKO POL 2021-11-17","-22.87","","3707.08","PLN"
"PL59 1160 2202 0000 0003 5357 1338","2021-11-19","2021-11-19","ZAKUP - FIZ. UŻYCIE KARTY","","","LUNA MARIUSZ GUZIK        KRAKOW  KRAKOW POL 2021-11-17","-15.00","","3729.95","PLN"
"PL59 1160 2202 0000 0003 5357 1338","2021-11-19","2021-11-19","ZAKUP - FIZ. UŻYCIE KARTY","","","STUDENT MARKET 01         KRAKOW  KRAKOW POL 2021-11-16","-4.50","","3744.95","PLN"
"PL59 1160 2202 0000 0003 5357 1338","2021-11-18","2021-11-18","ZAKUP BILETU MIEJSKIEGO","66 11 6022 0200 0000 0313 9382 73","MOBILE-TRAFFIC-DATA SP. Z O.O. UL DRUŻBICKIEGO 11 61-693    POZNAŃ","Kraków  Numer biletu:146837722  20 min. U I+II+III Aglomeracja","-2.00","","3749.45","PLN"
"PL59 1160 2202 0000 0003 5357 1338","2021-11-18","2021-11-18","ZAKUP - FIZ. UŻYCIE KARTY","","","ZABKA Z0468 K.1           KRAKOW  KRAKOW POL 2021-11-16","-12.90","","3751.45","PLN"
"PL59 1160 2202 0000 0003 5357 1338","2021-11-18","2021-11-18","ZAKUP - FIZ. UŻYCIE KARTY","","","Zapieksy i Kebsy          Krakow  Krakow POL 2021-11-16","-19.00","","3764.35","PLN"
"PL59 1160 2202 0000 0003 5357 1338","2021-11-18","2021-11-18","ZAKUP - FIZ. UŻYCIE KARTY","","","ZABKA Z0468 K.1           KRAKOW  KRAKOW POL 2021-11-16","-8.80","","3783.35","PLN"
"PL59 1160 2202 0000 0003 5357 1338","2021-11-17","2021-11-17","ZAKUP - FIZ. UŻYCIE KARTY","","","ZABKA Z0468 K.1           KRAKOW  KRAKOW POL 2021-11-15","-18.79","","3792.15","PLN"
"PL59 1160 2202 0000 0003 5357 1338","2021-11-17","2021-11-17","ZAKUP - FIZ. UŻYCIE KARTY","","","ZABKA Z0468 K.1           KRAKOW  KRAKOW POL 2021-11-15","-5.50","","3810.94","PLN"
"PL59 1160 2202 0000 0003 5357 1338","2021-11-17","2021-11-17","ZAKUP - FIZ. UŻYCIE KARTY","","","ZABKA Z0468 K.1           KRAKOW  KRAKOW POL 2021-11-15","-7.99","","3816.44","PLN"
"PL59 1160 2202 0000 0003 5357 1338","2021-11-17","2021-11-17","ZAKUP - FIZ. UŻYCIE KARTY","","","STICKY FINGERS            KRAKOW  KRAKOW POL 2021-11-15","-43.00","","3824.43","PLN"
"PL59 1160 2202 0000 0003 5357 1338","2021-11-16","2021-11-16","PRZELEW NA TELEFON","12 10 2024 9800 0086 0206 0434 02","DANIEL KLATA","biwo + ostatnie Od: 48889508409 Do: 485*****044","","10.00","3867.43","PLN"
"PL59 1160 2202 0000 0003 5357 1338","2021-11-16","2021-11-16","PRZELEW NA TELEFON","39 10 9011 8600 0000 0121 3139 36","KEWIN TARNOWSKI UL. KILIŃSKIEGO 60/ 7 41-200 SOSNOWIEC","Przelew na telefon","","4.50","3857.43","PLN"
"PL59 1160 2202 0000 0003 5357 1338","2021-11-16","2021-11-16","ZAKUP - FIZ. UŻYCIE KARTY","","","ZABKA Z0468 K.1           KRAKOW  KRAKOW POL 2021-11-14","-20.99","","3852.93","PLN"
"PL59 1160 2202 0000 0003 5357 1338","2021-11-16","2021-11-16","ZAKUP - FIZ. UŻYCIE KARTY","","","MADOMARKET 24H            KRAKOW  KRAKOW POL 2021-11-13","-34.67","","3873.92","PLN"
"PL59 1160 2202 0000 0003 5357 1338","2021-11-16","2021-11-16","ZAKUP - BEZ FIZ. UŻYCIA KARTY","","","BOLT.EU /R/2111141217     Tallinn  Tallinn ES T 2021-11-14","-2.81","","3908.59","PLN"
